0.97
1.16
1.33
0.98
0.96
1.4
0.8
0.44
1.57
0.72
0.65
0.61
0.59
0.86
0.43
1.19
0.76
1.27
0.96
0.92
1.09
1.4
0.74
0.49
0.55
1.4
0.63
0.85
1.02
0.88
0.88
0.81
0.62
0.66
0.97
1.01
0.58
1.67
0.91
0.5
1.15
0.7
0.58
1.27
0.74
1.48
1.98
1.06
0.93
0.4
0.75
1.24
0.35
1
1.07
0.9
0.87
0.51
0.64
1.46
0.89
0.64
0.67
0.97
0.77
0.64
0.62
0.4
0.93
0.78
0.57
1.39
1.37
0.79
2.14
0.38
0.5
0.98
1.19
1
0.63
1.1
1.17
0.43
1.76
0.97
0.52
0.94
0.84
0.82
0.89
0.41
0.63
0.85
0.78
0.77
0.91
1.11
1.31
0.58
0.47
0.55
0.81
0.54
1.23
0.5
0.87
0.96
1.39
0.73
1.07
0.95
0.87
0.49
1.1
0.6
1.21
0.76
0.86
0.96
0.81
0.62
0.98
1.51
0.72
0.93
0.79
0.96
0.89
1.37
1.01
0.99
1.23
0.75
0.47
1.04
0.89
0.47
1.55
1.48
0.76
4.79
1.52
1.28
0.54
1.24
1.07
1.36
0.76
0.48
0.22
0.84
1.08
0.57
0.87
1.13
0.97
0.96
0.96
0.72
1.03
1.27
0.81
2.17
0.41
0.54
0.26
0.64
0.58
0.92
0.76
2.53
0.16
1
1.37
1.05
1.75
1.64
0.87
0.69
2.17
1.17
0.69
0.72
1.15
1.13
0.48
0.89
1.26
0.77
1.21
0.81
0.64
1.04
1.1
0.87
1.25
2.5
0.29
0.64
0.67
0.79
0.66
1.02
1.22
1.23
0.84
0.6
0.73
1.11
1.04
1.85
0.68
0.54
0.47
1.37
0.49
4.33
0.69
0.66
1
0.9
0.72
1.12
0.52
0.75
1.34
0.77
1.18
0.62
0.97
1.25
0.59
0.35
0.81
0.31
0.31
0.94
0.85
0.71
0.52
1.1
2.16
0.43
0.97
1.01
0.67
0.76
1.24
0.95
1.31
0.78
0.69
0.75
0.74
1.4
0.85
0.85
0.86
0.86
0.67
1.01
0.58
0.98
0.71
0.94
1.1
0.36
1.11
1.07
1.02
0.67
1.31
1.45
0.98
0.53
0.7
0.55
0.75
1.13
1.22
0.52
0.71
1.63
0.91
1.15
0.66
1.15
0.95
0.82
0.77
1.37
0.88
0.71
1.16
0.61
0.74
0.68
1.15
1.12
0.81
1
0.5
0.74
1.48
1.18
0.87
1.18
0.51
1.09
0.69
2.48
1.55
0.65
1.07
0.7
1.09
0.98
1.06
1.28
1.02
1.51
0.76
0.67
0.84
0.97
0.39
0.79
2.33
0.94
5.16
2.7
1.73
0.69
0.76
0.93
0.7
0.24
1
1.32
0.55
0.87
0.21
0.83
0.89
1.16
1.06
1.06
0.8
1.24
0.95
0.44
2.02
1.19
0.89
0.72
1.09
1.07
0.83
1.3
0.75
1.47
1.08
0.92
0.45
1.26
0.82
0.84
0.82
1.19
1.23
0.88
0.61
0.47
0.92
1.57
0.65
0.84
0.75
0.94
0.75
0.98
0.97
0.52
0.45
0.89
1.31
0.88
1.76
1.05
1.69
0.96
0.9
1.04
1.55
1.31
0.8
0.66
0.89
1.35
1.04
1.19
1.28
0.48
0.85
1.06
0.89
0.39
0.55
1.5
1.46
0.77
0.64
1.1
1.03
0.97
1.4
1.23
0.91
1.07
0.54
0.81
0.74
0.7
0.57
0.71
0.69
0.59
1.6
1.33
0.73
0.71
0.56
0.69
1.39
0.77
2.1
1.06
1.88
1
1.17
0.94
0.64
0.78
0.76
0.81
1.12
1.76
0.82
0.66
1.96
0.98
0.78
0.62
0.9
1.35
0.71
0.77
0.66
1.34
1.11
1.59
1.42
1.52
1.14
0.44
0.53
0.71
1.04
0.83
1.46
0.79
0.94
1.36
1.61
1.02
0.94
0.93
0.85
0.8
1.15
0.8
1.28
0.48
1.47
0.74
1
1.64
0.88
1.12
0.32
1.21
0.67
0.6
0.96
0.67
0.3
1.12
0.82
0.93
0.39
1.02
1.1
1.78
0.58
1.01
0.46
0.8
1.78
1.25
0.81
0.87
1.12
0.68
0.9
0.96
1.33
0.56
1.07
0.84
0.83
0.8
0.74
0.77
0.54
0.87
0.55
0.88
0.71
0.41
1.08
3.76
1.25
0.93
0.85
1.32
0.61
0.8
0.87
0.87
1.06
0.79
1.78
1.52
2
1.13
1
1.32
1.36
0.92
0.64
0.51
0.46
0.82
0.9
0.65
1.41
0.5
0.9
0.41
1.25
1.2
0.66
0.83
0.56
0.86
0.79
1.08
0.57
0.86
0.94
1.84
1.82
0.89
